date,company,positive_articles,neutral_articles,negative_articles,total,neg_pct
2025-11-01,Boston T,10,23,17,50,0.340000
2025-11-01,CTA,7,31,12,50,0.240000
2025-11-01,Chicago Transit Authority,10,24,16,50,0.320000
2025-11-01,DC Metro,10,28,12,50,0.240000
2025-11-01,MBTA,5,26,19,50,0.380000
2025-11-01,MTA,16,20,14,50,0.280000
2025-11-01,Massachusetts Bay Transportation Authority,13,22,15,50,0.300000
2025-11-01,Metrorail,7,21,22,50,0.440000
2025-11-01,NYC Subway,6,18,26,50,0.520000
2025-11-01,OMNY,7,33,10,50,0.200000
2025-11-01,The L,26,16,8,50,0.160000
2025-11-01,The T,14,30,6,50,0.120000
2025-11-01,Washington Metropolitan Area Transit Authority,8,35,7,50,0.140000
