date,ceo,company,title,url,position,snippet,sentiment,controlled
2026-10-02,Monica Tibbits-Nutt,The T,"Monica - ChatGPT AI Assistant | GPT-5.5, Claude 4.7 Opus ...",https://monica.im/,1,"Monica is an all-in-one AI assistant powered by GPT-5.5, leading AI models. enhance your chat, search, writing, image generation, video generation and coding ...",neutral,False
2026-10-02,Monica Tibbits-Nutt,The T,MONICA (@monicadenise) • Instagram photos and videos,https://www.instagram.com/monicadenise/?hl=en,2,13M followers · 623 following · 270 posts. It's a blessing to share true sisterhood and friendship with you! Always #TheVocalBible & #ThePeoplesChamp,positive,True
2026-10-02,Monica Tibbits-Nutt,The T,Monica (singer),https://en.wikipedia.org/wiki/Monica_(singer),3,"Monica Denise Arnold (born October 24, 1980) is an American singer, songwriter and actress. Born and raised in College Park, Georgia, she began performing ...",neutral,False
2026-10-02,Monica Tibbits-Nutt,The T,Monica: All-In-One AI Assist & Smartest AI Agent,https://chromewebstore.google.com/detail/monica-all-in-one-ai-assi/ofpnmcalabcbjgholdjcjblkibolbppb,4,"Monica is your all-in-one AI assistant. We offer assistance in various tasks including searching, reading, writing, translating, creating, and more.",positive,False
2026-10-02,Monica Tibbits-Nutt,The T,Monica,https://www.facebook.com/monica/,5,"7414414 followers · e/MonicaOfficial Musician/band. Monica is in Wilmington, North Carolina. to share true sisterhood and friendship the pleasure,",positive,True
2026-10-02,Monica Tibbits-Nutt,The T,Monica Cesarato: Home Cesarato,https://www.monicacesarato.com/blog/,6,"Hello, I'm Monica Cesarato, a proud native of Venice, Italy, deeply rooted in the vibrant culinary and cultural tapestry of my homeland.",neutral,False
2026-10-02,Monica Tibbits-Nutt,The T,Visit Santa Monica and Experience the Best of California,https://www.santamonica.com/,7,"Visit Santa Monica and experience the best of California with ocean views, vibrant culture, dining, shopping, and classic coastal charm.",positive,False
2026-10-02,Monica Tibbits-Nutt,The T,Monica Weinkopf - FOCUS.org,https://focus.org/missionaries/monica-weinkopf/,8,"I am beginning my second year at the University of Nebraska – Kearney! There is so much momentum on campus right now, and it's an honor to be here. My Story.",neutral,False
2026-10-02,Monica Tibbits-Nutt,The T,"Monica Wood, writer",https://www.monicawood.com/,9,"Monica Wood, writer. Home. About. About Me · What I'm Reading · Fans of Betty · Videos. Books. How to Read a Book · The One-in-a-Million Boy · Any Bitter Thing.",neutral,False
2026-10-02,Monica Tibbits-Nutt,The T,"Monica Beamer, MD | Pediatrics | Carrollton",https://www.cookchildrens.org/doctors/pediatrics/dr-monica-j-beamer/,10,"Visit Dr. Monica J. Beamer, an expert pediatrician at Cook Children's Pediatrics (Carrollton) in Carrollton, TX, offering well checks, vaccines, ...",neutral,False
2026-10-02,Nora Leerhsen,Chicago Transit Authority,Dorval Carter Jr. broke the CTA. Nora Leerhsen's on track ...,https://chi.streetsblog.org/2025/08/19/dorval-carter-jr-broke-the-cta-nora-leerhsens-on-track-to-fix-it-if-we-fund-her-work,1,"She listens to riders and staff. Under her leadership, CTA has hired more than 5,000 workers in the past two years. She's reduced slow zones ...",negative,False
2026-10-02,Nora Leerhsen,Chicago Transit Authority,"Chicago - ""Transit is unmatched in the impact it can have ...",https://www.facebook.com/thecta/photos/transit-is-unmatched-in-the-impact-it-can-have-on-a-city-and-on-its-trajectory-n/1193904249438258/,2,These new benches reflect Acting President Nora Leerhsen's vision to create a more family-friendly transit system. Designed for our youngest and ...,positive,True
2026-10-02,Nora Leerhsen,Chicago Transit Authority,Chicago Transit Authority Acting President Nora Leerhsen ...,https://x.com/wttw/status/1932872333166846219,3,Chicago Transit Authority Acting President Nora Leerhsen on Wednesday cautioned that there will be no changes to CTA service during 2025.,positive,True
2026-10-02,Nora Leerhsen,Chicago Transit Authority,"FTA Letter to Acting President, Chicago Transit Authority",https://www.transit.dot.gov/sites/fta.dot.gov/files/2025-09/FTA-Letter-to-Acting-President-CTA.pdf,4,"Ms. Nora Leerhsen. Acting President. Chicago Transit Authority. 567 W. Lake Street. Chicago, IL 60661. Dear Ms. Leerhsen:.",positive,False
2026-10-02,Nora Leerhsen,Chicago Transit Authority,Talking Transit with CTA Acting President Nora Leerhsen,https://open.spotify.com/episode/6VHEgHZ9k11Ashn14eCTfi?si=45dccf5fcafd49d6,5,Nora Leerhsen became Acting President of the Chicago Transit Authority in February 2025. We talk about her unconventional path to the CTA after ...,neutral,False
2026-10-02,Nora Leerhsen,Chicago Transit Authority,A Conversation with Nora Leerhsen,https://transitunplugged.com/transit-unplugged-podcast/the-unmatched-power-of-transit-a-conversation-with-nora-leerhsen/,6,"A lawyer and former educator who rose through the ranks from compliance officer to chief of staff and now acting president, Nora shares her deep ...",neutral,False
2026-10-02,Nora Leerhsen,Chicago Transit Authority,Moving Experiences- Stories of the CTA: Red Line Extension,https://www.facebook.com/thecta/videos/moving-experiences-stories-of-the-cta-red-line-extension/1418033240134901/,7,"The project is centered on the promise of providing for the Far South Side, and features an interview with Acting President Nora Leerhsen and ...",positive,True
2026-10-02,Nora Leerhsen,Chicago Transit Authority,Chicago Transit Authority's Post - Nora Leerhsen,https://www.linkedin.com/posts/chicago-transit-authority_we-agree-with-acting-president-nora-leerhsen-activity-7454687875658452992-RC8N,8,"We agree with Acting President Nora Leerhsen - this was a historic day for CTA and Chicago! Nora Leerhsen. Acting President, Chicago Transit ...",positive,True
2026-10-02,Nora Leerhsen,Chicago Transit Authority,Transportation committee misses chance to ask CTA ...,https://www.thedailyline.com/chicago-city-council-transportation-committee-quarterly-cta-hearing-president-nora-leerhsen-lack-quorum-canceled,9,The last attempt to hold a hearing with interim CTA President Nora Leerhsen in March was also called off after the Committee on Transportation ...,neutral,False
2026-10-02,Randy Clarke,DC Metro,Randy Clarke,https://en.wikipedia.org/wiki/Randy_Clarke,1,Randy Clarke (born 1977) is a Canadian-American transit executive who has served as the general manager and CEO of Washington Metropolitan Area Transit ...,neutral,False
2026-10-02,Randy Clarke,DC Metro,wmataGM - Randy Clarke,https://x.com/wmataGM?lang=en,2,"Proudly leading @wmata, America's Metro System as General Manager & CEO. Everything is harder than Twitter. Washington, DC. wmata.com.",positive,True
2026-10-02,Randy Clarke,DC Metro,Leadership,https://www.wmata.com/about/leadership.html,3,Randy Clarke joined WMATA as General Manager and CEO in July 2022. He's not just Metro's GM/CEO; he's also a customer who uses the service every day.,positive,True
2026-10-02,Randy Clarke,DC Metro,Randy Clarke (@wmatagm),https://www.instagram.com/wmatagm/?hl=en,4,3.4K+ followers · 11 following · 79 posts · @wmatagm: “Chief transit customer advocate @metroforward”,positive,True
2026-10-02,Randy Clarke,DC Metro,Randy Clarke - WMATA General Manager and CEO,https://www.linkedin.com/in/randy-clarke-74bb8a69,5,WMATA General Manager and CEO · Experience: Washington Metropolitan Area Transit Authority (WMATA) · Education: University of Southern Maine · Location: ...,positive,True
2026-10-02,Randy Clarke,DC Metro,How to Save DC's Metro - by Santi Ruiz,https://www.statecraft.pub/p/how-to-save-dcs-metro,6,"Today we talked to Randy Clarke, the head of DC's Metro system, WMATA. If you're a transit nerd, you probably know about Clarke — he's ...",positive,False
2026-10-02,Randy Clarke,DC Metro,Why is PETA suing DC Metro General Manager Randy ...,https://www.wusa9.com/article/news/legal/peta-suing-dc-metro-general-manager-randy-clarke/65-75e9de8b-6491-498f-aa74-7f15615081a2,7,"The animal rights organization claims WMATA General Manager Randy Clarke refused to run three non-graphic ads seeking donations for PETA, ...",negative,False
2026-10-02,Randy Clarke,DC Metro,Randy Clarke's impressive leadership in DC is leading to ...,https://www.reddit.com/r/transit/comments/1cm267s/randy_clarkes_impressive_leadership_in_dc_is/,8,"Randy Clarke's impressive leadership in DC is leading to real results, with Washington Metro having a 22% ridership increase over last year.",positive,False
2026-10-02,Randy Clarke,DC Metro,Exclusive: Metro CEO Randy Clarke's message to Trump,https://www.axios.com/local/washington-dc/2026/05/18/randy-clarke-metro-gold-line-rfk-stadium,9,"Randy Clarke sees Metro's future in the Gold Line: A zippy, dedicated bus route from Georgetown to the new Commanders stadium.",positive,False
2026-10-02,Ryan Coholan,The T,MBTA COO Ryan Coholan talks South Coast Rail from ...,https://www.heraldnews.com/picture-gallery/news/2026/03/24/mbta-coo-ryan-coholan-talks-south-coast-rail-from-boston-to-fall-river/89294351007/,1,"MBTA Chief Operating Officer Ryan Coholan operates a commuter rail train at South Station, Boston, on March 10, 2026. Dan Medeiros.",neutral,False
2026-10-02,Ryan Coholan,The T,Ryan Coholan's Post - Chief Operating Officer at MBTA,https://www.linkedin.com/posts/ryan-coholan-139014ab_ive-been-blessed-to-be-part-of-the-turnaround-activity-7453149688158973952-Me6l,2,Ryan Coholan Chief Operating Officer at MBTA 4mo. Employee Experience at MBTA and Cast Member on Netflix's Love On the Spectrum Season 3,positive,True
2026-10-02,Ryan Coholan,The T,Ryan Coholan - Chief Operating Officer at Massachusetts ...,https://www.zoominfo.com/p/Ryan-Coholan/11957181347,3,"Coholan is a Chief Operating Officer at Massachusetts Bay Transportation Authority. Coholan directs, plans, and supervises operations for a significant commuter ...",neutral,False
2026-10-02,Ryan Coholan,The T,Conversation with MBTA's COO Ryan Coholan,https://transitunplugged.com/transit-unplugged-podcast/ryan-coholan-mbta/,4,"Ryan Coholan, the Chief Operating Officer of the Massachusetts Bay Transportation Authority (MBTA or The T) in Boston.",neutral,False
2026-10-02,Ryan Coholan,The T,Cultivating Culture at the MBTA with COO Ryan Coholan,https://soundcloud.com/spilling-the-t-podcast/cultivating-culture-at-the-mbta-with-coo-ryan-coholan,5,"On this episode, Chief Operating Officer Ryan Coholan joins us to discuss his unique approach to leading Operations at the MBTA.",neutral,False
2026-10-02,Ryan Coholan,The T,The MBTA Advisory Board,https://mbtaadvisoryboard.org/wp-content/uploads/2024/04/MinutesMBTAAB-12-05-23APPROVED.pdf,6,"Ryan Coholan, the Chief Operating Officer (COO) of the MBTA to address the Board. Coholan is responsible for the operation of all MBTA modes. He was appointed ...",neutral,False
2026-10-02,Ryan Coholan,The T,Cultivating Culture at the MBTA with COO Ryan Coholan,https://www.youtube.com/watch?v=TeJpfw-wfCA,7,"On this episode, Chief Operating Officer Ryan Coholan joins us to discuss his unique approach to leading Operations at the MBTA.",neutral,False
2026-10-02,Ryan Coholan,The T,Ryan Coholan | C-SPAN.org,https://www.c-span.org/person/?147521,8,Ryan Coholan is a Chief Operating Officer for the Massachusetts Bay Transportation Auth. with one video in the C-SPAN Video Library; the first ...,neutral,False
2026-10-02,Ryan Coholan,The T,"Stephen Priest talks with Ryan Coholan, Chief Operating ...",https://www.facebook.com/classonemodelworks/posts/stephen-priest-talks-with-ryan-coholan-chief-operating-officer-of-the-massachuse/1059361456847288/,9,"Stephen Priest talks with Ryan Coholan, Chief Operating Officer of the Massachusetts Bay Transportation Authority (MBTA), for a closer look ...",positive,True
2026-10-02,Monica Tibbits-Nutt,MBTA,Monica Tibbits-Nutt,https://www.massport.com/our-business/leadership/monica-tibbits-nutt,1,"As Secretary, Tibbits-Nutt is responsible for the four divisions of MassDOT: Highway, Rail and Transit, Registry of Motor Vehicles and Aeronautics. As Secretary ...",positive,True
2026-10-02,Monica Tibbits-Nutt,MBTA,Transportation Sec. Monica Tibbits-Nutt Stepping Down ...,https://mass.streetsblog.org/2025/10/16/rearranging-the-cabinet-transportation-sec-monica-tibbits-nutt-stepping-down-replaced-by-mbta-gm-phillip-eng,2,Secretary of Transportation Monica Tibbits-Nutt is leaving the Healey administration. Governor Maura Healey announced this morning in a ...,neutral,False
2026-10-02,Monica Tibbits-Nutt,MBTA,"Monica Tibbits-Nutt, FAICP, LEED AP BD C",https://www.linkedin.com/in/monica-tibbits-nutt,3,"Launched the first Environmental, Social, and Governance Office in a state department of transportation, integrating ESG standards across MassDOT and the MBTA.",positive,True
2026-10-02,Monica Tibbits-Nutt,MBTA,Governor Healey Appoints MBTA General Manager Phil ...,https://www.mass.gov/news/governor-healey-appoints-mbta-general-manager-phil-eng-as-interim-transportation-secretary,4,Monica Tibbits-Nutt has made the decision to step down from her positions as Secretary of the Department of Transportation and CEO of MassDOT ...,neutral,False
2026-10-02,Monica Tibbits-Nutt,MBTA,A Conversation with MassDOT Secretary Monica Tibbits-Nutt ...,https://members.naiopma.org/event-calendar/Details/a-conversation-with-massdot-secretary-monica-tibbits-nutt-and-mbta-general-manager-phillip-eng-1055406?sourceTypeId=EmailInvitation,5,Join NAIOP for an exciting conversation with Massachusetts Secretary of Transportation Monica Tibbits-Nutt and Massachusetts Bay Transit Authority General ...,neutral,False
2026-10-02,Monica Tibbits-Nutt,MBTA,MassFiscal Responds to Departure of Transportation ...,https://www.massfiscal.org/massfiscal-responds-departure-monica-tibbits-nutt,6,"Tibbits-Nutt, who was appointed by Governor Maura Healey in November 2023, oversaw the state's four transportation divisions and served on both ...",neutral,False
2026-10-02,Monica Tibbits-Nutt,MBTA,Monica Tibbits-Nutt parting ways with Massachusetts ...,https://www.youtube.com/watch?v=ZLnBQ_UrOZo,7,Monica Tibbits-Nutt parting ways with Massachusetts Department of Transportation. @WCVB19 likes2.3K views11 months ago,neutral,False
2026-10-02,Monica Tibbits-Nutt,MBTA,Massachusetts Governor Appoints Tibbits-Nutt as ...,https://acppubs.com/NEC/article/9F4D65EF-massachusetts-governor-appoints-tibbits-nutt-as-secretary-of-transportation,8,"Tibbits-Nutt was sworn in as Acting Secretary for Transportation on September 11, 2023. She was previously appointed Undersecretary of Transportation by ...",neutral,False
2026-10-02,Monica Tibbits-Nutt,MBTA,Monica Tibbits-Nutt Steps Down as MassDOT Secretary,https://aptapassengertransport.com/monica-tibbits-nutt-steps-down-as-massdot-secretary-phil-eng-named-interim/,9,Monica Tibbits-Nutt has stepped down from her positions as Secretary of Transportation and CEO of the Massachusetts Department of ...,neutral,False
2026-10-02,Ryan Coholan,Boston T,Ryan Coholan - Chief Operating Officer at MBTA,https://www.linkedin.com/in/ryan-coholan-139014ab,1,"Experienced Chief Operating Officer with a demonstrated history of working in the transportation/trucking/railroad industry. Skilled in Budgeting, Operations ...",positive,True
2026-10-02,Ryan Coholan,Boston T,MBTA COO Ryan Coholan talks South Coast Rail from ...,https://www.heraldnews.com/picture-gallery/news/2026/03/24/mbta-coo-ryan-coholan-talks-south-coast-rail-from-boston-to-fall-river/89294351007/,2,"Ryan Coholan operates a commuter rail train outside South Station, headed from South Station, Boston, to Fall River on March 10, 2026.",neutral,False
2026-10-02,Ryan Coholan,Boston T,Ryan Coholan - Chief Operating Officer at Massachusetts ...,https://www.zoominfo.com/p/Ryan-Coholan/11957181347,3,"Coholan is a Chief Operating Officer at Massachusetts Bay Transportation Authority. Address 10 Park Plz Ste 5170, Boston, Massachusetts, 02116,",neutral,False
2026-10-02,Ryan Coholan,Boston T,The MBTA Advisory Board,https://mbtaadvisoryboard.org/wp-content/uploads/2024/04/MinutesMBTAAB-12-05-23APPROVED.pdf,4,"Ryan Coholan, the Chief Operating Officer (COO) of the MBTA to address the Board. holan is responsible for the operation of all MBTA modes. Eng in September ...",neutral,False
2026-10-02,Ryan Coholan,Boston T,Conversation with MBTA's COO Ryan Coholan,https://transitunplugged.com/transit-unplugged-podcast/ryan-coholan-mbta/,5,"With nearly 30 years of transit experience, Ryan talks about running one of America's largest transit systems and shares stories of MBTA's ...",neutral,False
2026-10-02,Ryan Coholan,Boston T,Cultivating Culture at the MBTA with COO Ryan Coholan,https://soundcloud.com/spilling-the-t-podcast/cultivating-culture-at-the-mbta-with-coo-ryan-coholan,6,"On this episode, Chief Operating Officer Ryan Coholan joins us to discuss his unique approach to leading Operations at the MBTA.",neutral,False
2026-10-02,Ryan Coholan,Boston T,"Stephen Priest talks with Ryan Coholan, Chief Operating ...",https://www.facebook.com/classonemodelworks/posts/stephen-priest-talks-with-ryan-coholan-chief-operating-officer-of-the-massachuse/1059361456847288/,7,"Ryan Coholan, Chief Operating Officer of the Massachusetts Bay Transportation Authority (MBTA), for a closer look at MBTA GP40MC-3 No. 1776 … ...",positive,True
2026-10-02,Ryan Coholan,Boston T,Ryan Coholan Email & Phone Number | MBTA,https://contactout.com/Ryan-Coholan-7317711,8,Ryan Coholan's Email & Phone Number ; Chief Operating Officer at MBTA in September 2023 - Present ; Chief Railroad Officer at MBTA in May 2014 - September 2023.,positive,False
2026-10-02,Ryan Coholan,Boston T,Cultivating Culture at the MBTA with COO Ryan Coholan,https://www.youtube.com/watch?v=TeJpfw-wfCA,9,"On this episode, Chief Operating Officer Ryan Coholan joins us to discuss his unique approach to leading Operations at the MBTA.",neutral,False
2026-10-02,Nora Leerhsen,CTA,Nora Leerhsen,https://en.wikipedia.org/wiki/Nora_Leerhsen,1,Nora Leerhsen (born 1982/1983) is an American lawyer and executive who has served as the Acting President of the Chicago Transit Authority (CTA) since February ...,neutral,False
2026-10-02,Nora Leerhsen,CTA,"Nora Leerhsen - Acting President, Chicago Transit Authority",https://www.linkedin.com/in/nora-leerhsen-1ba38847,2,"Nora Leerhsen Acting President, Chicago Transit Authority. Chief Of Staff Chicago Transit Authority Sep 2018 - Feb 2025",positive,True
2026-10-02,Nora Leerhsen,CTA,CTA Governance/Administration,https://www.transitchicago.com/governance/,3,"Nora joined the CTA in 2014 and brings 12 years of transit experience. She has overseen every major area of CTA operations, including service delivery, capital ...",positive,True
2026-10-02,Nora Leerhsen,CTA,Team | Chicago Transit Authority,https://www.ctabonds.com/chicago-transit-authority-il/about/our-team/i6552,4,"Nora Leerhsen is acting president of the Chicago Transit Authority (CTA), She is the first woman to lead the CTA in the agency's history. Leerhsen joined the ...",positive,True
2026-10-02,Nora Leerhsen,CTA,"At Transit-a-Thon, CTA Acting Prez Nora Leerhsen tells ...",https://chi.streetsblog.org/2026/08/13/at-transit-a-thon-cta-acting-prez-nora-leerhsen-tells-advocates-i-need-your-pressure,5,CTA Acting Prez Nora Leerhsen tells advocates: “I need your pressure” Transit-a-Thon attendees gathered at DePaul's Loop campus,neutral,False
2026-10-02,Nora Leerhsen,CTA,What would you say to the CTA President Nora Leerhsen?,https://www.reddit.com/r/cta/comments/1thoza8/what_would_you_say_to_the_cta_president_nora/,6,I work near the CTA headquarters and often run into CTA President Nora Leerhsen on the sidewalk or getting off the train. I usually say hello and yesterday ...,neutral,False
2026-10-02,Nora Leerhsen,CTA,"Meet Nora Leerhsen, CTA's first female acting president",https://www.facebook.com/thecta/posts/meet-ctas-acting-president-nora-leerhsen-acting-president-leerhsen-a-10-year-tra/1017363227092362/,7,"Meet CTA’s Acting President, Nora Leerhsen! Acting President Leerhsen, a 10-year transit veteran, is the first woman to lead the organization. ...",positive,True
2026-10-02,Nora Leerhsen,CTA,Statement from CTA Acting President Nora Leerhsen,https://www.transitchicago.com/statement-from-cta-acting-president-nora-leerhsen/,8,"Early this morning, the Illinois State Legislature passed a bill that provides a transformational level of funding for the Chicago Transit ...",positive,True
2026-10-02,Randy Clarke,Metrorail,wmataGM - Randy Clarke,https://x.com/wmataGM?lang=en,1,"Proudly leading @wmata, America's Metro System as General Manager & CEO. Everything is harder than Twitter. Washington, DC wmata.com",positive,True
2026-10-02,Randy Clarke,Metrorail,Leadership,https://www.wmata.com/about/leadership.html,2,Randy Clarke joined WMATA as General Manager and CEO in July 2022. He's not just Metro's GM/CEO; he's also a customer who uses the service every day.,positive,True
2026-10-02,Randy Clarke,Metrorail,Randy Clarke,https://en.wikipedia.org/wiki/Randy_Clarke,3,Randy Clarke (born 1977) is a Canadian-American transit executive who has served as the general manager and CEO of Washington Metropolitan Area Transit ...,neutral,False
2026-10-02,Randy Clarke,Metrorail,"Washington Metro's Fast-Moving, Hard-Charging Transit ...",https://www.governing.com/transportation/washington-metros-fast-moving-hard-charging-transit-chief,4,"Randy Clarke, 46, joined the Washington Metropolitan Area Transit Authority as general manager last summer, after four years leading the ...",neutral,False
2026-10-02,Randy Clarke,Metrorail,Randy Clarke (@wmatagm),https://www.instagram.com/wmatagm/?hl=en,5,"“Chief transit customer advocate. Randy Clarke 3,439 followers 11 following Chief transit customer advocate. Thanks for riding America's Metro System. Best ...",positive,True
2026-10-02,Randy Clarke,Metrorail,Glad to meet with WMATA General Manager Randy Clarke ...,https://www.facebook.com/RepStenyHoyer/posts/glad-to-meet-with-wmata-general-manager-randy-clarke-and-my-fellow-members-in-th/1470441071118243/,6,Great to meet with WMATA CEO Randy Clarke yesterday! We discussed the improved customer satisfaction and increased ridership of Metro. WMATA ...,positive,True
2026-10-02,Randy Clarke,Metrorail,How to Save DC's Metro - by Santi Ruiz,https://www.statecraft.pub/p/how-to-save-dcs-metro,7,"Randy Clarke, the head of DC's Metro system, WMATA. we've reduced fare evasion on the rail side generally somewhere between 82–85% on the ...",positive,False
2026-10-02,Randy Clarke,Metrorail,Randy Clarke named new WMATA general manager and CEO,https://www.youtube.com/watch?v=P5r96gUAD20,8,Randy Clarke has been named the new CEO and general manager of the Washington Metropolitan Area Transit Authority. Clarke comes from his ...,neutral,False
2026-10-02,Ryan Coholan,MBTA,Ryan Coholan - Chief Operating Officer at MBTA,https://www.linkedin.com/in/ryan-coholan-139014ab,1,"Experienced Chief Operating Officer with a demonstrated history of working in the transportation/trucking/railroad industry. Skilled in Budgeting, Operations ...",positive,True
2026-10-02,Ryan Coholan,MBTA,MBTA COO drives commuter rail train from Boston to Fall ...,https://www.heraldnews.com/picture-gallery/news/2026/03/24/mbta-coo-ryan-coholan-talks-south-coast-rail-from-boston-to-fall-river/89294351007/,2,"MBTA Chief Operating Officer Ryan Coholan operates a commuter rail train at South Station, Boston, on March 10, 2026. Dan Medeiros.",neutral,False
2026-10-02,Ryan Coholan,MBTA,Ryan Coholan - Chief Operating Officer at Massachusetts ...,https://www.zoominfo.com/p/Ryan-Coholan/11957181347,3,"Coholan is a Chief Operating Officer at Massachusetts Bay Transportation Authority. Coholan directs, plans, and supervises operations (617) 222-5855",neutral,False
2026-10-02,Ryan Coholan,MBTA,"Stephen Priest talks with Ryan Coholan, Chief Operating ...",https://www.facebook.com/classonemodelworks/posts/stephen-priest-talks-with-ryan-coholan-chief-operating-officer-of-the-massachuse/1059361456847288/,4,"Ryan Coholan, Chief Operating Officer of the Massachusetts Bay Transportation Authority (MBTA), for a closer look at MBTA GP40MC-3 No. 1776",positive,True
2026-10-02,Ryan Coholan,MBTA,The MBTA Advisory Board,https://mbtaadvisoryboard.org/wp-content/uploads/2024/04/MinutesMBTAAB-12-05-23APPROVED.pdf,5,"Ryan Coholan, the Chief Operating Officer (COO) of the MBTA to address the Board. Coholan is responsible for the operation of all MBTA modes. He was appointed ...",positive,True
2026-10-02,Ryan Coholan,MBTA,Conversation with MBTA's COO Ryan Coholan,https://transitunplugged.com/transit-unplugged-podcast/ryan-coholan-mbta/,6,"With nearly 30 years of transit experience, Ryan talks about running one of America's largest transit systems and shares stories of MBTA's ...",neutral,False
2026-10-02,Ryan Coholan,MBTA,Cultivating Culture at the MBTA with COO Ryan Coholan,https://soundcloud.com/spilling-the-t-podcast/cultivating-culture-at-the-mbta-with-coo-ryan-coholan,7,"On this episode, Chief Operating Officer Ryan Coholan joins us to discuss his unique approach to leading Operations at the MBTA.",neutral,False
2026-10-02,Ryan Coholan,MBTA,Ryan Coholan Email & Phone Number | MBTA,https://contactout.com/Ryan-Coholan-7317711,8,"Ryan Coholan — Chief Operating Officer at MBTA. Find Ryan Coholan's email address, phone number, work experience and education on ContactOut.",positive,False
2026-10-02,Janno Lieber,OMNY,MTA considers changes to its OMNY tap-to-pay,https://ny1.com/nyc/all-boroughs/traffic_and_transit/2026/09/29/mta-considers-changes-to-omny-to-offer-different-discounts,1,"MTA chair and CEO Janno Lieber said the agency is reviewing fare policies. ""We engage in a pretty, pretty detailed process with our board to ...",neutral,False
2026-10-02,Janno Lieber,OMNY,MTA explores new OMNY fare options: what NYC riders ...,https://secretnyc.co/mta-explores-new-subway-fare-options-what-riders-need-know-potential-omny-changes/,2,"At the CBC event, Lieber expressed a newfound willingness to leverage OMNY's technology to offer a wider array of automatic discounts, including ...",neutral,False
2026-10-02,Janno Lieber,OMNY,MTA Chairman and CEO Janno Lieber revealed ...,https://www.instagram.com/p/Dd6T7JioOjp/,3,"In the past, Lieber has backed the agency's move from prepaid MetroCards to the tap-and-go OMNY system as a way to avoid asking people to pay ...",positive,True
2026-10-02,Janno Lieber,OMNY,MTA Chair Open To New Fare Structure Ahead Of 2027 ...,https://nyc.streetsblog.org/2026/09/23/mta-chair-open-to-new-fare-structure-ahead-of-2027-fare-hike,4,"In the past, Lieber has backed the agency's move from prepaid MetroCards to the tap-and-go OMNY system as a way to avoid asking people to pay ...",neutral,False
2026-10-02,Janno Lieber,OMNY,"Streetsblog New York City on X: ""MTA Chairman and CEO ...",https://x.com/StreetsblogNYC/status/2102778788169842856,5,MTA Chairman and CEO Janno Lieber revealed a newfound interest in expanding his agency's current fare-capping practices — marking the first ...,positive,True
2026-10-02,Janno Lieber,OMNY,Reduced Fare OMNY | MTA Chair & CEO Janno Lieber ...,https://www.flickr.com/photos/mtaphotos/54202380238,6,"MTA Chair & CEO Janno Lieber announces the release of Reduced Fare OMNY cards on Friday, Dec 13, 2024 at the Stone Street Customer Service Center.",neutral,False
2026-10-02,Janno Lieber,OMNY,MTA head Janno Lieber has a wish list for 2026. Here's his ...,https://www.cbsnews.com/newyork/news/mta-janno-lieber-nyc-bus-fares-bus-lanes-fare-evasion/,7,"Lieber is not sold on New York City Mayor-elect Zohran Mamdani's idea of free buses, but he is sold on making fares less expensive for poor ...",positive,False
2026-10-02,Janno Lieber,OMNY,Janno Lieber - Chair & CEO at New York Metropolitan ...,https://www.linkedin.com/in/janno-lieber-32b487158,8,"Chair & CEO at New York Metropolitan Transportation Authority · An accomplished executive working at the intersection of government, real estate and law.",positive,True
2026-10-02,Monica Tibbits-Nutt,Boston T,Monica Tibbits-Nutt,https://www.massport.com/our-business/leadership/monica-tibbits-nutt,1,"Monica G. Tibbits-Nutt, is the Secretary and CEO of the Massachusetts Department of Transportation (MassDOT). As Secretary, Tibbits-Nutt is responsible for ...",positive,True
2026-10-02,Monica Tibbits-Nutt,Boston T,Governor Healey Appoints Monica Tibbits-Nutt as ...,https://www.mass.gov/news/governor-healey-appoints-monica-tibbits-nutt-as-secretary-of-transportation,2,"Monica G. Tibbits-Nutt, AICP, LEED AP BD+Cwas sworn in as Acting Secretary for Transportation on September 11, 2023. She was previously ...",neutral,False
2026-10-02,Monica Tibbits-Nutt,Boston T,"Monica Tibbits-Nutt, FAICP, LEED AP BD C",https://www.linkedin.com/in/monica-tibbits-nutt,3,"Transportation executive and growth leader with experience driving strategic growth, client development, and executive oversight across transportation and ...",positive,True
2026-10-02,Monica Tibbits-Nutt,Boston T,"Monica Tibbits-Nutt made history as the first Queer, Black ...",https://www.linkedin.com/posts/lauren-melendez-53690475_monica-tibbits-nutt-made-history-as-the-first-activity-7301335136107720704-9AIP,4,"Monica Tibbits-Nutt made history as the first Queer, Black woman to be named Secretary of Transportation for the Commonwealth.",positive,True
2026-10-02,Monica Tibbits-Nutt,Boston T,Transportation Sec. Monica Tibbits-Nutt Stepping Down ...,https://mass.streetsblog.org/2025/10/16/rearranging-the-cabinet-transportation-sec-monica-tibbits-nutt-stepping-down-replaced-by-mbta-gm-phillip-eng,5,Secretary of Transportation Monica Tibbits-Nutt is leaving the Healey administration. Governor Maura Healey announced this morning in a ...,neutral,False
2026-10-02,Monica Tibbits-Nutt,Boston T,Tibbits-Nutt is out as transportation secretary. T chief Eng ...,https://www.wbur.org/news/2025/10/16/tibbits-nutt-transportation-secretary-massachusetts-eng,6,"In a press release, Healey said Tibbits-Nutt ""has made the decision to step down"" from her roles as secretary of the Department of ...",neutral,False
2026-10-02,Monica Tibbits-Nutt,Boston T,Monica Tibbits-Nutt parting ways with Massachusetts ...,https://www.youtube.com/watch?v=ZLnBQ_UrOZo,7,Monica Tibbits-Nutt parting ways with Massachusetts Department of Transportation. @WCVB19 likes2.3K views11 months ago,neutral,False
2026-10-02,Monica Tibbits-Nutt,Boston T,MassFiscal Responds to Departure of Transportation ...,https://www.massfiscal.org/massfiscal-responds-departure-monica-tibbits-nutt,8,"Tibbits-Nutt, who was appointed by Governor Maura Healey in November 2023, oversaw the state's four transportation divisions and served on both ...",neutral,False
2026-10-02,Monica Tibbits-Nutt,Boston T,MassDOT CEO Monica Tibbits-Nutt wants to connect the ...,https://www.smartcitiesdive.com/news/massachusetts-transportation-secretary-monica-tibbits-nutt-profile/743882/,9,"Tibbits-Nutt is in charge of the commonwealth's highways, freight and passenger rail programs, 35 state-owned general aviation airports, the ...",neutral,False
2026-10-02,Phillip Eng,Massachusetts Bay Transportation Authority,Phillip Eng | People,https://www.mbta.com/people/phillip-eng,1,Phillip Eng is the General Manager and CEO of the Massachusetts Bay Transportation Authority (MBTA). A Civil Engineer with nearly 40 years of transportation ...,positive,True
2026-10-02,Phillip Eng,Massachusetts Bay Transportation Authority,Phillip Eng,https://en.wikipedia.org/wiki/Phillip_Eng,2,Phillip Eng · President of the Long Island Rail Road · General manager of the MBTA · Interim Secretary of the Massachusetts Department of Transportation ...,neutral,False
2026-10-02,Phillip Eng,Massachusetts Bay Transportation Authority,Governor Healey Appoints MBTA General Manager Phil ...,https://www.mass.gov/news/governor-healey-appoints-mbta-general-manager-phil-eng-as-interim-transportation-secretary,3,"Governor Healey appointed Phil Eng as General Manager of the MBTA in March 2023. Since then, he has overseen a transformative period at the ...",neutral,False
2026-10-02,Phillip Eng,Massachusetts Bay Transportation Authority,"Phillip Eng - Transportation Services, Operations ...",https://www.linkedin.com/in/phillip-eng-875928240,4,Experience · MassDOT and MBTA. 1 year · General Manager and CEO. Massachusetts Bay Transportation Authority - MBTA · Executive Vice President. The LiRo Group.,positive,True
2026-10-02,Phillip Eng,Massachusetts Bay Transportation Authority,MBTA's Phillip Eng Named Interim MassDOT Secretary,https://aashtojournal.transportation.org/mbtas-phillip-eng-named-interim-massdot-secretary/,5,The governor said Eng will continue to serve as general manager of MBTA – which is a division of MassDOT – while simultaneously serving as ...,neutral,False
2026-10-02,Phillip Eng,Massachusetts Bay Transportation Authority,Phillip Eng,https://www.massport.com/our-business/leadership/phillip-eng,6,Phillip Eng leads Massachusetts' transportation network as Interim Secretary of Transportation and General Manager of the MBTA. With nearly 40 years of ...,positive,True
2026-10-02,Phillip Eng,Massachusetts Bay Transportation Authority,Leadership at The MBTA,https://www.mbta.com/leadership,7,"Phillip Eng is the Interim MassDOT Secretary and MBTA General Manager. State Transportation Building, 2nd Floor, Boston, MA Board. MassDOT Board is responsible ...",positive,True
2026-10-02,Phillip Eng,Massachusetts Bay Transportation Authority,Phil Eng has been pulling double duty as MBTA general ...,https://www.facebook.com/WWLP22News/posts/phil-eng-has-been-pulling-double-duty-as-mbta-general-manager-and-transportation/1471548771670211/,8,"Phil Eng has been pulling double duty as MBTA general manager and transportation secretary for almost nine months, and said he's “enjoying” ...",positive,True
2026-10-02,Phillip Eng,Massachusetts Bay Transportation Authority,Did Phillip Eng fix the MBTA? Reliability and passenger ...,https://www.cbsnews.com/boston/news/mbta-general-manager-phillip-eng/,9,"Phillip Eng, the New Yorker who came out of retirement to fix the MBTA is getting rave reviews.",neutral,False
2026-10-02,Janno Lieber,MTA,"""What is your first memory taking public transit?"" ""What is the ...",https://www.facebook.com/mta/videos/janno-lieber-answers-questions-from-social-media/2254884894971064/,1,These are just a few of the questions that you submitted for MTA Chair & CEO Janno Lieber to answer. See all of his answers in our Instagram ...,positive,True
2026-10-02,Janno Lieber,MTA,MTA head Janno Lieber has a wish list for 2026. Here's his ...,https://www.cbsnews.com/newyork/news/mta-janno-lieber-nyc-bus-fares-bus-lanes-fare-evasion/,2,"Chairman Janno Lieber revealed his wish list for 2026. It includes cheaper bus and subway fares for the poor, a new plan to crack down on fare ...",positive,False
2026-10-02,Janno Lieber,MTA,Janno Lieber named as MTA acting board chair and CEO,https://brooklyneagle.com/112455/janno-lieber-named-as-mta-acting-board-chair-and-ceo/,3,"Janno Lieber, the newly named acting board chair and CEO of the MTA. head of the MTA Construction and Development, MTA Chair and CEO Janno Lieber.",neutral,False
2026-10-02,Janno Lieber,MTA,MTA Chief Development Officer Janno Lieber,https://abny.org/abny-event/mta-chief-development-officer-janno-lieber/,4,"The MTA's Janno Lieber spoke about rebuilding and expanding New York's transit system to make it faster, better, and more affordable.",neutral,False
2026-10-02,Janno Lieber,MTA,"Janno Lieber, Chairman and CEO, the New York MTA",https://business.columbia.edu/socialenterprise/initiatives/capital-good-program/podcast/lieber,5,"Janno Lieber is the chairman and CEO of New York's MTA, one of the world's oldest, largest, and most complex public transit systems.",neutral,False
2026-10-02,Janno Lieber,MTA,Metropolitan Transportation Authority CEO Janno Lieber says ...,https://www.facebook.com/BloombergTelevision/videos/metropolitan-transportation-authority-ceo-janno-lieber-says-every-mta-service-is/534967159354568/,6,"Janno Lieber says every MTA service is ""running great service"" MTA Chair Janno Lieber salary $400,999. MTA loss billion $",positive,True
2026-10-02,Phillip Eng,MBTA,To a T: How Phillip Eng got Boston's subway system back ...,https://www.csmonitor.com/Business/2025/1115/boston-mbta-phillip-eng,1,"Phillip Eng became general manager of the Massachusetts Bay Transportation Authority, the sprawling state agency that operates Greater Boston's ...",neutral,False
2026-10-02,Phillip Eng,MBTA,The MBTA has made incredible strides. Did Phillip Eng fix ...,https://www.reddit.com/r/mbta/comments/1pokx9x/the_mbta_has_made_incredible_strides_did_phillip/,2,"T General Manager Phillip Eng to talk about the improvements. MBTA reaches $495,000 settlement … $495,000 settlement pulled her 117 upvotes",neutral,False
2026-10-02,Phillip Eng,MBTA,"With double duty, Phil Eng living out a leadership experiment",https://www.dotnews.com/2026/03/21/with-double-duty-phil-eng-living-out-a-leadership-experiment/,3,"Eng, 64, is living out a leadership experiment at the state Department of Transportation: overseeing both the transit system and serving as the ...",neutral,False
2026-10-02,Phillip Eng,MBTA,MBTA's Phil Eng tapped as interim state transportation ...,https://www.wgbh.org/news/local/2025-10-16/mbtas-phil-eng-tapped-as-interim-state-transportation-secretary,4,MBTA General Manager Phil Eng will replace her on an interim basis. Healey's decision to name Eng as the MassDOT's interim leader follows a ...,neutral,False
2026-10-02,Phillip Eng,MBTA,Governor Maura Healey,https://x.com/MassGovernor/status/1640344092520448002/photo/1,5,"MBTA General Manager Phillip Eng Eng has nearly 40 years of experience as an engineer and. MBTA and Mass. Transportation. 6:24 AM · Mar 27, 2023 ...",positive,True
2026-10-02,Phillip Eng,MBTA,APTA Member Profile: Phillip Eng - Passenger Transport,https://aptapassengertransport.com/apta-member-profile-phillip-eng/,6,"Joining the Metropolitan Transportation Authority (MTA) in 2017 as chief operating officer, I focused on bringing innovation to the agency, ...",neutral,False
2026-10-02,Phillip Eng,MBTA,Phil Eng : r/mbta,https://www.reddit.com/r/mbta/comments/1kht974/phil_eng/,7,Phil Eng is successful because of Governor Healy. The Baker administration had no transportation competency. Those in charge weren't qualified ...,neutral,False
2026-10-02,Phillip Eng,MBTA,Has MBTA GM Phillip Eng gotten the T back on track?,https://www.youtube.com/watch?v=JcmiDy3jOR8&xstg=CAMSBhUD-7L2Hw%3D%3D,8,"MBTA General Manager Phillip Eng stepped onto the job just over a year ago, taking the helm of a transit system that was plagued by ...",neutral,False
2026-10-02,Phillip Eng,MBTA,OP-ED: Challenges ahead for new MBTA President Phil Eng,https://www.masstransitmag.com/management/blog/53056447/op-ed-challenges-ahead-for-new-mbta-president-phil-eng,9,Boston's gain is New York's loss with the appointment of Phillip Eng as general manager for the Massachusetts Bay Transportation Authority (MBTA) ...,positive,False
2026-10-02,Janno Lieber,NYC Subway,Janno Lieber,https://en.wikipedia.org/wiki/Janno_Lieber,1,Lieber oversaw a range of capital initiatives including the long-delayed completion of the extension of the Second Avenue Subway line on the East Side of ...,neutral,False
2026-10-02,Janno Lieber,NYC Subway,Janno Lieber,https://www.mta.info/transparency/leadership/executive-leadership/janno-lieber,2,"John (“Janno”) Lieber was confirmed as Chair and CEO of the Metropolitan Transportation Authority (MTA) in January 2022, following his nomination to that ...",positive,True
2026-10-02,Janno Lieber,NYC Subway,Janno Lieber - Chair & CEO at New York Metropolitan ...,https://www.linkedin.com/in/janno-lieber-32b487158,3,"Chair & CEO at New York Metropolitan Transportation Authority · An accomplished executive working at the intersection of government, real estate and law.",positive,True
2026-10-02,Janno Lieber,NYC Subway,"In the last five years, CEO and president of NYC's MTA ...",https://www.facebook.com/NYU/posts/in-the-last-five-years-ceo-and-president-of-nycs-mta-john-janno-lieber-law-90-ha/1450972007059841/,4,"In the last five years, CEO and president of NYC's MTA John “Janno” Lieber (Law '90) has faced and overcome many challenges.",positive,True
2026-10-02,Janno Lieber,NYC Subway,"Janno Lieber on Free Buses, the State of the MTA, & The ...",https://nyeditorialboard.substack.com/p/janno-lieber-on-free-buses-the-state,5,"Janno Lieber, Chair and CEO of the Metropolitan Transportation Authority (MTA), which runs the New York City subways and buses, as well as the ...",positive,False
2026-10-02,Janno Lieber,NYC Subway,"Janno Lieber, Chair & CEO of the Metropolitan ...",https://www.skyscraper.org/featured/2025/,6,"Lieber has tackled and delivered many of the city's most complex transit projects - from 2017 as head of MTA Construction & Development agency, and since 2021 ...",neutral,False
2026-10-02,Janno Lieber,NYC Subway,Full interview with MTA Chair & CEO Janno Lieber,https://www.youtube.com/watch?v=c6dZrDMDGP8,7,"Janno Lieber has either the best job in the world or the worst, depending on whether the trains are running on time in New York.",neutral,False
2026-10-02,Phillip Eng,The T,ENG | Field-focused BIM services | BIM built for the field,https://engbim.com/,1,"ENG is a build-ready BIM company delivering reliable VDC services to MEP and General Contractors, Owners, and AE firms since 2007.",neutral,False
2026-10-02,Phillip Eng,The T,Directorate for Engineering (ENG),https://www.nsf.gov/eng,2,"Directorate for Engineering (NSF ENG) supports the agency's mission to inspire innovation, enrich education and expand access to research and education across ...",neutral,False
2026-10-02,Phillip Eng,The T,ENG,https://www.eng.it/en,3,"Eng's no-code platform for designing, orchestrating, and managing AI agents. The Italian AI built on your business.",neutral,False
2026-10-02,Phillip Eng,The T,Google Translate,https://translate.google.com/,4,"Google's service, offered free of charge, instantly translates words, phrases, and web pages between English and over 100 other languages.",neutral,False
2026-10-02,Phillip Eng,The T,Eng | An Open Access Journal from MDPI,https://www.mdpi.com/journal/eng,5,"Eng is an international, peer-reviewed, open access journal on all areas of engineering, published monthly online by MDPI.",neutral,False
2026-10-02,Phillip Eng,The T,Civil Engineering Firm in Central & West Michigan | Eng.,https://engdot.com/,6,"Eng., Inc. is an award-winning multidisciplinary civil engineering firm working. Monday - Friday: 9am - 5pm P: (517) 887-1100",neutral,False
2026-10-02,Phillip Eng,The T,Eng (letter),https://en.wikipedia.org/wiki/Eng_(letter),7,"Ŋ known as eng, agma, or engma, is a Latin-script letter used to represent a voiced velar nasal, as in sing ring or thing in the written form of some ...",neutral,False
2026-10-02,Phillip Eng,The T,Eng's Restaurant,https://www.engsrestaurant.com/,8,"Dining Room. open for dinner only. 4pm to 9pm Weds to Sun. Call for reservations. Smorgasbord available Wednesday, Friday, and Sunday evenings.",neutral,False
2026-10-02,Phillip Eng,The T,English Like A Native,https://www.youtube.com/c/EnglishLikeANative,9,"You can learn to speak everyday English like a native, with your teacher Anna English. Subscribe and visit regularly as new lessons are added every week.",positive,False
2026-10-02,Ryan Coholan,Massachusetts Bay Transportation Authority,Department of Transportation,https://www.transportation.gov/,1,"The latest Department of Transportation news, information, and media. Washington, DC 20590 855-368-4200 … in Safety, Innovation, and Infrastructure.",neutral,False
2026-10-02,Ryan Coholan,Massachusetts Bay Transportation Authority,Welcome to the Committee on Transportation | California State ...,https://atrn.assembly.ca.gov/welcome-committee-transportation,2,You may reach us at (916) 319-2093. The Committee meets on Mondays at 2:30 p.m. Phone (916) 319-2093,positive,False
2026-10-02,Ryan Coholan,Massachusetts Bay Transportation Authority,Department of Transportation and Capital Construction,https://www.pwcva.gov/department/transportation,3,"The Department of Transportation and Capital Construction (DTCC) was established on July 1, 2026 with the intent of implementing a centralized capital ...",neutral,False
2026-10-02,Ryan Coholan,Massachusetts Bay Transportation Authority,Transportation 2050 | City of Phoenix,https://www.phoenix.gov/administration/departments/publictransit/transit-programs/transportation-2050.html,4,Learn about Phoenix's Transportation 2050 plan as we enhance public transit and infrastructure for a sustainable future.,neutral,False
2026-10-02,Ryan Coholan,Massachusetts Bay Transportation Authority,Transportation Alternatives Program - FHWA,https://www.fhwa.dot.gov/environment/transportation_alternatives/,5,No information is available for this page.,neutral,False
2026-10-02,Ryan Coholan,Massachusetts Bay Transportation Authority,Transportation,https://transportation.ccsd.net/,6,Serving families of the Clark County School District for safe transportation to and from schools. · Welcome.,neutral,False
2026-10-02,Ryan Coholan,Massachusetts Bay Transportation Authority,Transportation Committee - Connecticut General Assembly,https://www.cga.ct.gov/tra/,7,"The Transportation Committee has cognizance of all matters relating to the Department of Transportation, mass transit and railroads; ive Office Building, Room ...",neutral,False
2026-10-02,Ryan Coholan,Massachusetts Bay Transportation Authority,Transportation Senate Standing Committee,https://www.ncleg.gov/Committees/CommitteeInfo/SenateStanding/150,8,Transportation Senate Standing Committee Meeting Schedule: Wednesday at 12:00 PM in 1027/1128. Board of Motor Vehicles/Authority Study. Mecklenburg ...,neutral,False
2026-10-02,Ryan Coholan,Massachusetts Bay Transportation Authority,Fast Facts on Transportation Greenhouse Gas Emissions,https://www.epa.gov/greenvehicles/fast-facts-transportation-greenhouse-gas-emissions,9,Basic facts and data on greenhouse gas emissions from transportation.,neutral,False
2026-10-02,Ryan Coholan,Massachusetts Bay Transportation Authority,Transportation House Standing Committee,https://www.ncleg.gov/Committees/CommitteeInfo/HouseStanding/45,10,Home · Committees; Committee Information. Transportation. House Standing Committee. Meeting Schedule: Every Wednesday at 10:00 AM in 643 LOB. Subscribe:.,neutral,False
2026-10-02,Randy Clarke,Washington Metropolitan Area Transit Authority,Randy Clarke,https://en.wikipedia.org/wiki/Randy_Clarke,1,Randy Clarke (born 1977) is a Canadian-American transit executive who has served as the general manager and CEO of Washington Metropolitan Area Transit ...,neutral,False
2026-10-02,Randy Clarke,Washington Metropolitan Area Transit Authority,Leadership,https://www.wmata.com/about/leadership.html,2,Randy Clarke joined WMATA as General Manager and CEO in July 2022. He's not just Metro's GM/CEO; he's also a customer who uses the service every day.,positive,True
2026-10-02,Randy Clarke,Washington Metropolitan Area Transit Authority,wmataGM - Randy Clarke,https://x.com/wmataGM?lang=en,3,"Proudly leading @wmata, America's Metro System as General Manager & CEO. Everything is harder than Twitter. Washington, DC. wmata.com.",positive,True
2026-10-02,Randy Clarke,Washington Metropolitan Area Transit Authority,Randy Clarke - WMATA General Manager and CEO,https://www.linkedin.com/in/randy-clarke-74bb8a69,4,WMATA General Manager and CEO · Experience: Washington Metropolitan Area Transit Authority (WMATA) · Education: University of Southern Maine · Location: ...,positive,True
2026-10-02,Randy Clarke,Washington Metropolitan Area Transit Authority,Glad to meet with WMATA General Manager Randy Clarke ...,https://www.facebook.com/RepStenyHoyer/posts/glad-to-meet-with-wmata-general-manager-randy-clarke-and-my-fellow-members-in-th/1470441071118243/,5,"Tonight's meeting of the Northern Virginia Regional Commission featured a presentation from WMATA CEO, Randy Clarke. The metro/bus system has ...",positive,True
2026-10-02,Randy Clarke,Washington Metropolitan Area Transit Authority,Randy Clarke (@wmatagm),https://www.instagram.com/wmatagm/?hl=en,6,3.4K+ followers · 11 following · 79 posts · @wmatagm: “Chief transit customer advocate @metroforward”,positive,True
2026-10-02,Randy Clarke,Washington Metropolitan Area Transit Authority,Washington Metropolitan Area Transit Authority,https://msa.maryland.gov/msa/mdmanual/38inters/html/23wta.html,7,"D., 2025; April Rai, 2026. Randy Clarke, General Manager & Chief Executive Officer. 300 7th St., SW, Washington, DC 20024 (202) 962-1234 · (202) 637-7000 (Metro ...",positive,False
2026-10-02,Randy Clarke,Washington Metropolitan Area Transit Authority,Team | WMATA Bonds | BondLink,https://www.wmatabonds.com/wmata-bonds-dc/about/our-team/i2812,8,Randy Clarke joined the Washington Metropolitan Area Transit Authority (WMATA) as General Manager and CEO in July 2022. He's not just Metro's GM/CEO; ...,positive,True
2026-10-02,Randy Clarke,Washington Metropolitan Area Transit Authority,Why is PETA suing DC Metro General Manager Randy ...,https://www.wusa9.com/article/news/legal/peta-suing-dc-metro-general-manager-randy-clarke/65-75e9de8b-6491-498f-aa74-7f15615081a2,9,"The animal rights organization claims WMATA General Manager Randy Clarke refused to run three non-graphic ads seeking donations for PETA, ...",negative,False
2026-10-02,Monica Tibbits-Nutt,Massachusetts Bay Transportation Authority,Monica Tibbits-Nutt,https://www.massport.com/our-business/leadership/monica-tibbits-nutt,1,"As Secretary, Tibbits-Nutt is responsible for the four divisions of MassDOT: Highway, Rail and Transit, Registry of Motor Vehicles and Aeronautics. As Secretary ...",positive,True
2026-10-02,Monica Tibbits-Nutt,Massachusetts Bay Transportation Authority,Transportation Sec. Monica Tibbits-Nutt Stepping Down ...,https://mass.streetsblog.org/2025/10/16/rearranging-the-cabinet-transportation-sec-monica-tibbits-nutt-stepping-down-replaced-by-mbta-gm-phillip-eng,2,Secretary of Transportation Monica Tibbits-Nutt is leaving the Healey administration. Governor Maura Healey announced this morning in a ...,neutral,False
2026-10-02,Monica Tibbits-Nutt,Massachusetts Bay Transportation Authority,Governor Healey Appoints MBTA General Manager Phil ...,https://www.mass.gov/news/governor-healey-appoints-mbta-general-manager-phil-eng-as-interim-transportation-secretary,3,Monica Tibbits-Nutt has made the decision to step down from her positions as Secretary of the Department of Transportation and CEO of MassDOT ...,neutral,False
2026-10-02,Monica Tibbits-Nutt,Massachusetts Bay Transportation Authority,A Conversation with MassDOT Secretary Monica Tibbits ...,https://members.naiopma.org/event-calendar/Details/a-conversation-with-massdot-secretary-monica-tibbits-nutt-and-mbta-general-manager-phillip-eng-1055406?sourceTypeId=EmailInvitation,4,"MassDOT Secretary Monica Tibbits-Nutt. Phone 781-453-6900 Address & Map 144 Gould Street, Suite 140 Needham, MA 02494 Email communications@naiopma.org",neutral,False
2026-10-02,Monica Tibbits-Nutt,Massachusetts Bay Transportation Authority,Governor Healey Appoints Monica Tibbits-Nutt as ...,https://www.linkedin.com/posts/mbta_governor-healey-appoints-monica-tibbits-nutt-activity-7129951277458857984-QHjy,5,"Today, Governor Healey announced the official appointment of Monica Tibbits-Nutt to Secretary of Transportation and member of the MBTA Board of ...",positive,True
2026-10-02,Monica Tibbits-Nutt,Massachusetts Bay Transportation Authority,Monica Tibbits-Nutt sworn in as Massachusetts ...,https://www.facebook.com/TheMBTA/posts/were-honored-to-welcome-monica-tibbits-nutt-as-acting-secretary-and-ceo-of-trans/736049148562459/,6,"We're honored to welcome Monica Tibbits-Nutt as Acting Secretary and CEO of Transportation for MassDOT, and MBTA Board of Directors member.",positive,True
2026-10-02,Monica Tibbits-Nutt,Massachusetts Bay Transportation Authority,Monica Tibbits-Nutt parting ways with Massachusetts ...,https://www.youtube.com/watch?v=ZLnBQ_UrOZo,7,Monica Tibbits-Nutt parting ways with Massachusetts Department of Transportation WCVB is your home for Massachusetts breaking news and weather.,neutral,False
2026-10-02,Monica Tibbits-Nutt,Massachusetts Bay Transportation Authority,"Monica G. Tibbits-Nutt, AICP, LEED AP BD+C",https://youthengagementplanning.com/monica,8,"Monica works in transportation planning, urban design, and transit equity. She is the Secretary of Transportation for the State of Massachusetts.",neutral,False
2026-10-02,Monica Tibbits-Nutt,Massachusetts Bay Transportation Authority,Massachusetts Governor Appoints Tibbits-Nutt as ...,https://acppubs.com/NEC/article/9F4D65EF-massachusetts-governor-appoints-tibbits-nutt-as-secretary-of-transportation,9,"Healey announces that she is appointing Monica Tibbits-Nutt, AICP, LEED AP BD+C as Secretary of the Massachusetts Department of Transportation (MassDOT).",neutral,False
2026-10-02,Monica Tibbits-Nutt,Massachusetts Bay Transportation Authority,MassFiscal Responds to Departure of Transportation ...,https://www.massfiscal.org/massfiscal-responds-departure-monica-tibbits-nutt,10,"Tibbits-Nutt, who was appointed by Governor Maura Healey in November 2023, oversaw the state's four transportation divisions and served on both ...",neutral,False
2026-10-02,Phillip Eng,Boston T,Phillip Eng | People,https://www.mbta.com/people/phillip-eng,1,Phillip Eng is the General Manager and CEO of the Massachusetts Bay Transportation Authority (MBTA). A Civil Engineer with nearly 40 years of transportation ...,positive,True
2026-10-02,Phillip Eng,Boston T,Phillip Eng,https://en.wikipedia.org/wiki/Phillip_Eng,2,Phillip Eng (born 1961 or 1962) is an American civil engineer and transit executive serving as interim secretary of the Massachusetts Department of ...,neutral,False
2026-10-02,Phillip Eng,Boston T,Leadership at The MBTA,https://www.mbta.com/leadership,3,"Phillip Eng is the Interim MassDOT Secretary and MBTA General Manager. of Directors consists of nine members, including the Secretary of Transportation, one ...",positive,True
2026-10-02,Phillip Eng,Boston T,"Phillip Eng - Transportation Services, Operations ...",https://www.linkedin.com/in/phillip-eng-875928240,4,Experience · MassDOT and MBTA. 1 year · General Manager and CEO. Massachusetts Bay Transportation Authority - MBTA · Executive Vice President. The LiRo Group.,positive,True
2026-10-02,Phillip Eng,Boston T,Did Phillip Eng fix the MBTA? Reliability and passenger ...,https://www.cbsnews.com/boston/news/mbta-general-manager-phillip-eng/,5,The native New Yorker came to Boston after retiring as the head of the Long Island Rail Road. He succeeded there and is doing very well here.,neutral,False
2026-10-02,Phillip Eng,Boston T,Phillip Eng,https://www.massport.com/our-business/leadership/phillip-eng,6,Phillip Eng leads Massachusetts' transportation network as Interim Secretary of Transportation and General Manager of the MBTA. With nearly 40 years of ...,positive,True
2026-10-02,Phillip Eng,Boston T,Governor Healey Appoints MBTA General Manager Phil ...,https://www.mass.gov/news/governor-healey-appoints-mbta-general-manager-phil-eng-as-interim-transportation-secretary,7,"Governor Healey appointed Phil Eng as General Manager of the MBTA in March 2023. Since then, he has overseen a transformative period at the ...",neutral,False
2026-10-02,Phillip Eng,Boston T,MBTA boss Phillip Eng accused of pulling employee's hair,https://www.wcvb.com/article/mbta-boss-phillip-eng-accused-of-pulling-employees-hair/71630587,8,"Phillip Eng, the state's top transportation official, is accused of pulling the hair of another MBTA employee as they were saying goodbye ...",negative,False
2026-10-02,Phillip Eng,Boston T,The MBTA has made incredible strides. Did Phillip Eng fix ...,https://www.reddit.com/r/mbta/comments/1pokx9x/the_mbta_has_made_incredible_strides_did_phillip/,9,Has he fixed it? No. Has he made it much better than it was in 2023? Absolutely. It will take many years and billions of dollars to fix the ...,neutral,False
2026-10-02,Nora Leerhsen,The L,"Nora Leerhsen - Acting President, Chicago Transit Authority",https://www.linkedin.com/in/nora-leerhsen-1ba38847,1,"Nora Leerhsen. Acting President, Chicago Transit Authority. University of Wisconsin Law School. Greater Chicago Area. 2K followers 500+ ...",positive,True
2026-10-02,Nora Leerhsen,The L,Nora Leerhsen,https://en.wikipedia.org/wiki/Nora_Leerhsen,2,Nora Leerhsen (born 1982/1983) is an American lawyer and executive who has served as the Acting President of the Chicago Transit Authority (CTA) since February ...,neutral,False
2026-10-02,Nora Leerhsen,The L,Team | Chicago Transit Authority,https://www.ctabonds.com/chicago-transit-authority-il/about/our-team/i6552,3,"Nora Leerhsen is acting president of the Chicago Transit Authority (CTA), one of the nation's largest public transit agencies, providing approximately one ...",positive,True
2026-10-02,Nora Leerhsen,The L,CTA Governance/Administration,https://www.transitchicago.com/governance/,4,Nora Leerhsen is the acting president of the Chicago Transit Authority (CTA) and the first woman to lead the agency in its history. The CTA is one of the ...,positive,True
2026-10-02,Nora Leerhsen,The L,"Meet Nora Leerhsen, CTA's first female acting president",https://www.facebook.com/thecta/posts/meet-ctas-acting-president-nora-leerhsen-acting-president-leerhsen-a-10-year-tra/1017363227092362/,5,"Meet CTA’s Acting President, Nora Leerhsen! Acting President Leerhsen, a 10-year transit veteran, is the first woman to lead the organization. ...",positive,True
2026-10-02,Nora Leerhsen,The L,What would you say to the CTA President Nora Leerhsen?,https://www.reddit.com/r/cta/comments/1thoza8/what_would_you_say_to_the_cta_president_nora/,6,I work near the CTA headquarters and often run into CTA President Nora Leerhsen on the sidewalk or getting off the train. I usually say hello and yesterday ...,neutral,False
2026-10-02,Nora Leerhsen,The L,"Union criticizes CTA for ""leadership vacuum"" due to lack of ...",https://chi.streetsblog.org/2026/06/10/union-criticizes-cta-for-leadership-vacuum-due-to-lack-of-a-permanent-president-acting-president-leerhsen-touts-public-safety-progress,7,"Leerhsen took the placeholder position in February 2025, so she has been on the job for almost 1.5 years. During the June 10 meeting of the CTA ...",negative,False
2026-10-02,Nora Leerhsen,The L,Longtime CTA chief of staff Nora Leerhsen to take over as ...,https://www.cbsnews.com/chicago/news/nora-leerhsen-acting-cta-president/,8,"Leerhsen became chief of staff of the CTA in 2018. In that role, she has overseen all operations—including service delivery, capital planning, ...",neutral,False
2026-10-02,Nora Leerhsen,The L,"Nora Leerhsen, Acting President, Chicago Transit Authority",https://www.cityclub-chicago.org/video/5742/nora-leerhsen-acting-president-chicago-t,9,"Nora Leerhsen, Acting President, Chicago Transit Authority. Thursday, Jan 22, 2026. Playing in picture-in-picture. (opens a new window).",positive,False
